   1.0000000e+00  -9.9993800e-01  -3.3553540e-01  -1.4586713e-01   1.4596842e-01             NaN  -1.3872843e-01             NaN  -1.4542455e-01  -3.6402919e-01   1.4493955e-01             NaN
  -9.9993800e-01   1.0000000e+00   3.3557178e-01   1.4509333e-01  -1.4519085e-01             NaN   1.3792426e-01             NaN   1.4462391e-01   3.6253960e-01  -1.4416661e-01             NaN
  -3.3553540e-01   3.3557178e-01   1.0000000e+00  -1.1265292e-01   1.1281071e-01             NaN  -1.0637232e-01             NaN  -1.1349448e-01   3.9638740e-01   1.1296239e-01             NaN
  -1.4586713e-01   1.4509333e-01  -1.1265292e-01   1.0000000e+00  -9.9990009e-01             NaN   9.1929958e-01             NaN   9.9520770e-01  -4.1621134e-01  -9.9802740e-01             NaN
   1.4596842e-01  -1.4519085e-01   1.1281071e-01  -9.9990009e-01   1.0000000e+00             NaN  -9.2317789e-01             NaN  -9.9583581e-01   4.1703398e-01   9.9809660e-01             NaN
             NaN             NaN             NaN             NaN             NaN             NaN             NaN             NaN             NaN             NaN             NaN             NaN
  -1.3872843e-01   1.3792426e-01  -1.0637232e-01   9.1929958e-01  -9.2317789e-01             NaN   1.0000000e+00             NaN   9.4051421e-01  -4.0568066e-01  -9.2287350e-01             NaN
             NaN             NaN             NaN             NaN             NaN             NaN             NaN             NaN             NaN             NaN             NaN             NaN
  -1.4542455e-01   1.4462391e-01  -1.1349448e-01   9.9520770e-01  -9.9583581e-01             NaN   9.4051421e-01             NaN   1.0000000e+00  -4.1922766e-01  -9.9724894e-01             NaN
  -3.6402919e-01   3.6253960e-01   3.9638740e-01  -4.1621134e-01   4.1703398e-01             NaN  -4.0568066e-01             NaN  -4.1922766e-01   1.0000000e+00   4.1954918e-01             NaN
   1.4493955e-01  -1.4416661e-01   1.1296239e-01  -9.9802740e-01   9.9809660e-01             NaN  -9.2287350e-01             NaN  -9.9724894e-01   4.1954918e-01   1.0000000e+00             NaN
             NaN             NaN             NaN             NaN             NaN             NaN             NaN             NaN             NaN             NaN             NaN             NaN
