c1 = [0.99607 0.850984 0.46274]';
c2 = [0.99215 0.552941 0.23529]';
c3 = [0.98823 0.305882 0.16470]';
c4 = [0.89019 0.101960 0.10980]';
reds = [c4 c3 c2 c1];
b1 = [0.61967 0.792157 0.88235]';
b2 = [0.41960 0.682353 0.83921]';
b3 = [0.25882 0.572549 0.77647]';
b4 = [0.12941 0.443137 0.70980]';
blues = [b1 b2 b3 b4];
g1 = [0.63137 0.850980 0.60784]';
g2 = [0.45902 0.768627 0.46274]';
g3 = [0.25490 0.670588 0.36470]';
g4 = [0.00000 0.352941 0.19607]';
greens = [g1 g2 g3 g4];
forms = ["-" , "--" , "-" , "--"];